· 1521. ’ 111

61111111111111111111 11111111 1111111 11111111 111 11111111 11111111.
11111111 111111. 1111911111 111 &amc 11111 11111111 1111111111 1111111
111311111111111111. 111. 1111111111. 1121. 6. 191.

111111111111311.11111118.11111111111111111111, ¹

611. 1111111111 1539.

1111111111 111 1111111111 »3. 111 1111111111 1111111111 1111111111
61111 1113111111). 1111111111 11111 1111111111111.

6111111111 111 111111 1111 1111111111. 1111 111111 11111111

11 111611111111111111111 111 11111111 111 (5111111 1111111,
111. 1111 11111111 1111 1111 1111111111111111 111 111111 111111·
1111111 1111111 1111111111 11 1111111111 111 1111111 111 11111111
1111111111, 111111 611111 111111 11111 1111 11111 11111111
11111 11111111. 11111 11 1111111 111 111111 11111 111111 11
11 1111111111 11111 111 11111111111111111111111 1111111 1111·
111 111111 1111111111 1111111111 1111111111 1111 1111 111
111111 11111111 11111111 11111 1111111111111 1111111111 1111111
11111 11111111 11 1111111111. 1111 11111 111 111 1111 1111111111.
1111 11111111111111111. 11111111 (1111 11111111. ·

11. 111111.
N⁰. chxxxvn.

111 61111111.

1. 11111111 111 11111111 111 11111111111111111111 11111111 111 1111111111
111 11 1111111111 11111111 11111.

ψ

1111111111. 1111111111111 11111 111 11111
xxl. 733.

Suo in Domino 0111911 1111111111, Viro bono 11 docto,-
Christi servo 111.

11111

Salutem. Brevi intervallo binas ad 1111111111 eum 1111111111
dedi, 1118111111111 nescio, 11 pervenerint ante 1111. De
1111111111 1111 deligendo, 1111111111 1111111111,11 01111. ,

 

