affy 111111111111111111111111111111111. 111 1111111
11111 111111 11111 1111111111 111 11111 11. 11111111
1111111111.

111111.111111111811111111111111111111 11111111.
Die 1111111 1111 1111 111 11111 1111111111 111111

1. 1111111 1. 1111111 11111111 11 1. .

11. eu». 1. 6111111111 1111111111.

13. · 61111111111111 11111 ’1111111111 11111111 1111111111.

15. 1111111 11111111111111111111111111111111111 1

11111111 111 1111111111 11111111111111111111.11111
1111111111 1111111.

11 11111 1111111 111111111111111111 11111 111111..

υὲξησ ’1 1111111111 111 111 1111 1111 ,1111 111 1111111111111

1111111 111 11111.
111111111161111111111 11111111 11111111,ι

ιι1911ίί 1. 111111 1111111111111111111111111 111 1111111111.

11. 11111111 1111111111111111 11 11111111 111.

11. 111 1111111111 1111111111. 11111 1111111111 1111111
11111111 1111111 8111 1111111111.

13. 11 1111 111111111111111111111111111 1111111 1111111111.

ἔξω 1111111 1111111 1111111111 11111111111111111 11

11111111 1111. 1111111111. ·
1111111 111 11 1111111 11111111 1111 1111 111111111111.
11. 1. 1111111 111 11111111 1111111111111111111 11111111
1111111 1111 111 111 11111111111111111 1311111111
111111111111 11111111 111111 11111 11 111 11111
φ 1111111111 11111.
11. 111111111111111 111 1111111111 11111 1111111111.

{om 11 111 1111 111111111111111111111111111111 1111

111111 1111111 1111111111 111111111111 1111111111.
6. 1111611111 de captivitatexsscclesiae Bab· 11111 settin
1111111111111- “
11. 1111111111 111 1111 11111111 11 1111111111.
1. 11111111 111111 11111 11111111 11111111 11111111

111 11111.

 

