111 ’ ..1111

11111111111111111111 11 111111 1111 1111111111 111 11111Ι
11111 111111111 111 6111111 1111111111 1111111 1811111 11111111 ι
1111111 111 1111111111, 1111111111 111 11111111111 ε. 1. ι
1111111 61111111] 111 11111111111111111.·611111111111111,111
1111111111111111 1111111111111111111 111 11111111 11111, n
1111111111.1.11.11111111111111111111111111111111111
1111 11111111111111 1111111 11 11111111111111111111111
111111 111111 1111 11111 111111 111111111111 gemmeum
1111 111111 111111111111111111111 1111111111111111,1111 ¹
11111111 11111111 11111111111111111111· ’

111111111111111111111111111111 11111 1111111111 1111 1
1111111 1111 s 1111111) 111 1111111111 111111 111 111 1111111111 111
111111111111111111111111111111111 6111111111
11111111111111111111111111111 (61111111. 11, 11
1111111 11111 1111111111 11111111111 111111 11111111 11111 M

Ἥ111 111111 11111. 1111 1111111111111111111111111, 111 0111111
1111111111 1111111111. 1111111 1111111111 11111 1111111111111
1111, 1111 1111111111 1111111111111111611111ς 111
1111111111 111 111111 1111111111 11 11111 111111 1111111111 1111
11111111 1111] 11 1111111111 111111111111 1111111111.. 11111111
11111111 1111111 11111111 1111111111111 1111111 1111111ῦ1111
(111111111111.1919.)1111111111111(111.11,6.) 111.
111111111111111111111111111111111111 (8111111.)

,11111111111111111111111111(811511311111111111111

Ι11111111111111111111111111111111111111111111111111111
111111. 111111] 1111111111 11111 (111111). 11] 11-19. >.

11111111 1111 111 1111111111 111-1111111111 111111 111
111111 111 1111 1111 111 1111111111 1111111111111111111 (111111
(111 111 1111111111 11 111111111111111111 111111 111111 1111
1111111) 111 131111111111111 111 1111111111 1111111111 1111111111 111
111111 111 11 1111111 1111111111 111111 1111111111 1111 111111
1111111111111111111 111 111 11111 1111 111 1111111 11111111
11111. 111 1111 111 1111111111111 1111 1111 11111111 11111
· 1111 1111111 11111111] 1111111111 1111111 anhalt: 111111
11111111 111111] 11111, 11111111111111ε Magistratus virum
ostendit: 1111111111 111111 111, 111 11111 111111 11111111.
,111111 11111111111111 11111, (1111111) 1111111111 1111111111

1111111111 11111111.

 

 

