1519. ³11

1111111 11111. 1111111111 111111 1111111111 1111 11111111
11111 1111111 1111 1111111111 111 &iniit 11111111111111111111
11111111 111 11111111 11111 1111 11111 1111 111111 111111 11111
111111 111 111111 1111111111 1111111111. 1111111111
1111111 11111111 111 11 11111111 1111111 1111 1116111111
11111 1111111 11111111 11111111] 1111111 111 1111 11111 111111.

&i 1111 1111111111, 1111111111 111111 1111 111111 11111 1111
11111 11111111 1111 11111 111 111111 1111111111 1111111 11111
111 Gt. 11111111 1111111111 1111111 111111 11111 111111
1111111111 111111 1111111 11111111111111111 1111111111 111
6111111111 1111 11111111 1111 11111 1111111111 11111111 1111
8111111. 11111111 111111111111111111111111111 1. 11 111
111 1111111111 1111111 11111111 1111111 11111111 1111 111111 111·
1111111. 11111111 1111111 1111111 11111111111111111 1111
811111 11111 1111111112 11 11111111 111 11 1111 111 Concilium
Constantiana 1111111111 1 11111111 1111111111 111 1111
1111111111 1111 11111111 111111 1111 1111 11111111 1111111111. 111
111111111111111 11 111 1111111111.

111111 1111111. 1. (1.111111111111 1111. 111 111
1111111111 111 Primnum Papa jure divino ’11 1111111111 111
1111 111111 111111111111111111 11111 11111111 111 con.
oiiium 0111111111111, 111) 11111111 111-1111111111 1111111111
111 Concilium 111 jus humanum, 111 1111 uidit jue divinum
1111111111 non jnre divino. 1111111 111 111) 111111 11111111
orientalem Ecclesiam, 1111111111 1111111111 11111 11111
111 111111 1111 11111111 1111 1111 1111111. 11111 11 Prima.
111 11111 dejure divino, 1 1111111 11 111 1101 1111111 auin·
1111 11111111111111111 11111 111 111 1111111111 11111 111 111111
1111111 111 1111111111, 1111111111, 1111111111 1111111111 .
1111111111, 111 111611111111111111111111 lib. 1111111111.
bus viria. 111111 111 1111111111 111111 1111111 1111111111
1111111 111111.

111 111111 11111111 1111111111 1111111111 1111111111
111111 611111 1111 1111111111,111ιί11111111 111 -haerotici 11·
intimi 111 111 111111111111111111111111111111 111 11111111
1111111111 0111111111 111 1111111 11111 io 1111 1111111 11111111·
vitiem 1111111111111111 et orientalis Ecclesia, 11151111

111 11111111. 11111 1111 111 11 Orientati 1111111111 ge·
inticis 1111111 1111111111 11. 11111 111 11 0111111111 1111

 

