1519.
777777 77777777. ⁴)

N0. 071177
777 7777777777 7777777777 777 7777777..

7. 7777 77777 77777. 777 77777777 7777 7777 77777777 777 7777777777 77777777
7777777777 77777777777777777777 77777777 777 77 77777 77 7777777 7777777777,
777 777 77777 77777777 777 7777777777 777 77 777 777777 7777777777 7777 777 77
777777 7777777777 677777 7771777777 777 7777 77777 6777 777777 777 7777777777
mm 777 77777777 777777 7777777 777777 7777777 777 777 7777777 777777 7777777777
77777 777 7777777777 7777777777 7777777 7777. 6. 777777 777777. 7. 7777.
7777777771. 6. 777 7.

'buhun-U

7777 copia. 777777. vim. 7. 77777777 7777. 7. 376, 77777777 777
77777777 7777777777 777 7577777777 77 7. 77777. 77777. 77. 77777777 7777. 7777777
777. 77. mal& XV. 770. 7777 77777777 m 87777777777. 7. p. “0
7777 777777 777 7777777777 777 777 777 777. chart. 777. 777 7777. mu.
77777777 771777 7777777777.

77777.

Quamnam» 7777777777 7777. 7777777777 sm. 77 77
7777 7777777 777 C· 7. ‹9- 77 77777 77 77777 67777 777 77777 ge·
77777 77777] 7777777 7777 777 777777 777 (7777 77 77777] 7777 7777
7. 7. 77. 7777 77777 77 (777777 777 7777 77777. 77 777 7777
7777777 777 7777777 777777 7777 7777777777 777 777777 777 7777777
77 7777 7777) 777077777777 77777777 7777777777 777 77 7777 77777
7777 7777777777 77 77777 7777 77 77777777, 77777777] 77 77777·
7777. 777 7777 777 7. 7. 77. 7777 77777 77777777 7777777777
777 777 7777777 77 77777777 777 7. 7. 777 7777 777 77777 777
77777 777777 7777.

3777 777777 77777 777 7777777777 777777 7777777777 777777777 77777
77 77777 s 777 777 6777 777 7777 77 777 777777 (77 7777 777
7777777777 777 77777777) 7777 777 77777 77777 7777 7777 77777
67777777 777777 7777 77777 77 7777 777777 777 7777777777 s 777
7777777777] 777 777 7777777777 77777777 77777 7777777- 77777777

*j 7777 7777777 77777777. 7777. 111. 7. 777777 7. 7. 2. 7777 7 777777
7777 7777777777. zm 77777777 7777 7777 77777777. 77777 7777777777 7777 7. 777
7. 7777777 7 7777 7777 77 77777. ὅ. 777. cx.

 

