1111. ⁸ 161

1111 1111111 1111111111 (1111111111111 11111 1111111111
1111111111 111 1111111 111 1111111111 111111111111111111111
11ω1111111111111111611111111
111111111111Μ111111111111111
111 11111111111111111111111111111111111 1111 11111111 ,
111111 11111111111111111111 11111 111111 11111 111 1111111111
11111 1111111 revoco 111 111 111 1111111111. 11111 111 1111111111
11111111 111111 1111111 1111 1111 1111111111) 111 1111111111 11111
1111111111 111 11 111111 11111111 11111111 1111111, 1111111111
11111111111111111111 111111111111111 1111111 11. -

111111 1111111111 11111 1111111 11111 111 1111111111 111111
6111111 1111111111111111 111 1111111111 1111 1111111111 1111
011111111111111111111 111 1111111111 11 11111 1111111) 111111..
11111 11111 1111111111111 1111 611111 1111 1111111111 111 111111.
1111 11 111 11111 11111111 111 1111111111 (111111. 1111111

mimmfflwetwmmmmum

17. Qttobct.

ΝΟ. LXXXVI.
111111 11111111 1111111 111111111.

6111111 111111 1111 11 11111111 111111111111111 111111 &trit 111111
1111111111 1111111111 1111111111 11 11111111 11111111. 11111 w. 1111 11111
1. 1111111111. mem 11111111 1111111 1. 111111 111111 11 1111111111 11 1111111111,
1111111111111111111 11111111 1111111111 11111. 11 1111111 111 11111
1111111111 1111111111 111 11111111 1111 111 111111 1111111111111111
11111 111111 111111111111111111111 1111111111 111111.

111111111111111.1111111215.1111191111111111.
119. 1111111111. 121. 11111111111111. 1111111. 1. 111. 11111.
vn. 111. 11111 1111111.

111111111111111111 111 Christo Patri et Domino, 7111111111, tituli
S. Sixti ‚ presbytero 01111111ιαὶ1, sancte Sedis apostolica
per Germaniam de 1111111 Leqato 111. 111 Christo metuendo
11 colendo, salutem 11 omnem subjectionem sui. ⁹

111. 1. 11

 

