1511.
11. nuqua. .

' 11111. ’
111111 1111111111 1111111111. , ·

1111111 111 11111111111111111111111111111111. ..

1111111111 11 11111 west 11111 1. 1131111 111 1111111111 111
61111111611111111 111 11 111 1111111111 111111111111111111, 11111111111111
1111111 11111111. 31111 11111 11 1111111111 111 11111 11111 1111111111ηῴ1.
11111111 1111111111 111111 11111 11 11111 11111 111111111111 111111 1111111111
9111111111 1111111111 (11.111111111111111111. 1521. 1111111111115.)
vaccam 11111111111111 111111 111 111111111111111111 111 &aaa

1111111111111111111111111111111111161111111 11. 11111111 1111111
1111111111 11 11111111111161111111 11111111111111
11111111111111111111111.1111111111111111 1111111111
1111.σ111111111111.1Χ.71.111.1.151. 11111111 mmm
xv. 1511 1111111111. 111· 91111 1111 1111111111 munt 1111111111.

nem 1111111111111111 6111111111 3111111 11161111,
&mn 3111111111 {msam 3¹⁸ 61111111 111 11111111
1111111111 1111111 1111111111, 1111111111 1111111111
1111111111 11611111 111111 vicatim ’1111111111 11

1111111111, 1111111111 1111111111, unsetm 1111111111
61111 1111111111. ·

81111.

911111111111111 11111111111111111111111111 11111 &nem
1111111111111111111 1111111111 11111111 11111111111111111111
1111111111 11111111 flu 11111 1111111 1111111 1111111111Ι &m
111 11111 wit 11111 oe. 1. 111 (1. 61111111 111111 11811111
&den 111111 1111111111 111 11111111 1111111 1111111111 1111
11111111 v. 111 111 gesen (11111. O· 11111 1111111 11111111
x qlimnfcns 111 1111) 111 1111111111111111111111111111111

1111111 111 11 1. 11. 11. 111. 111111111111111111 lofe 01111111
11111111. 111, 111 1111111111 111111 8111111111 111 1111111111-
111111111 11111111 1111111111 111111 1111 1111111111111 e.
11. ff. (1. 111 tin 111111 1111111 111111 111 1111111111 11111

 

