, nv

1111111111
a 11. 116111111111116111111111111111111
11111.
mm »1161111111 1111 111111. 6111111111 11111111
1 1111111 11111111 11111111 11 111 1111111111 11 1111111
eme
’11. 11111111111111111111 911111. =
111111111111111111111 11 111 1111111111 11111111
1111111111 11111111
1111.
21111111
11. 1,1. 1. 11111111 11 11111111111111111 111111 1111 111
11111111
1111111111 11111111 1111111111 1111 1111111 1111 111111
6111111111 11111111.
11. 111 11111111 111 1111111 1111111 111111 111 6111111
1111 111111. 1111111111.
1111111
, 1. 11111111111111 1111111111 1111 111111 111 111 1111
1111 111 1111111111.
1. 1111111111 111 11111111 111111 1111111111 11111 111
1311111111 6111111 11111111 111111111111. ·
111 11111111111Τ11111111111 11111111 11 &nulnum
11 111 1111111111 111 111 111111 11. 1111 11111 111 111111.
11 5111 1811111 111 111 1111111111 11111 11.
11. 111 61111111111111 1111111 111 11111111 1111111111
, 1111111 111 11111. -
15. 1.111111 111 61111111 111 Ratio confitendi ι,11111 11
1111 1111 6111111111 11111111 werten 1111111111.
161111 11111111 11111 1111111111 111 11111111 11111111.
11111
1. mem 1111111111.11111011111111,11 videli 111
divino 1111111111 etc. 1111 1111111111
11. 1. 1111111111 1111 1111111 6111 1. 1111111111 111
1111111111 111111 1111111.

881. Ι. “²

 

