⁶ 1111. 111

111 11111111 (11111 1111111111111» 11111111111111 111·
1111111111 1111 1111111111 111111 1111111 11111 11111111 111
1111111111111111. 111111 11111 111 1111111111 11111. 111
1111111 111111 11111 1111 111 11111111. 111111. 111 11111111·
11111111. 11 1111) 111 1111111111 11111111 11 11 1111 1111111.
811 11111111 111111. 1111 111111 1111111 11 1111111111.

11111 11111111 1111 11111 1111 1811111111 11 11 11111111, ε.
3. 1. 1. 11111 11 11111 11111111 1111111111 111 1111111111111
11111 1811111 1111111111. Haec Ennius. 111 11111Ι 111111 111 111
11111δ11111111111 111111 1111111111 1111111111) &fids 1111
111111111111111. 111 1111 1111 1111 1111111111. 11111 11111111
1111111- 111 Sus Minervam [ehu.

- 11111111 111111 1111 11111111111111 1. 1. 11. (1.11111111111
111111 111111111111. 1111 111111 1111111111 11111 11111111111111
1111111611111111. 1111 11. 11. 1. (1. 111 11111111 111 1111
111111111111111111111111 111 111111111ιὶ1 1111111111 6111111
1111 1111111111 111 1111111.

Δ (1111 1111 1. 1· 1.· (1. 11111111 1111111 11111 111111 1111111111

111111. 11111 111 11111111111111111.1111111111 1119. ·

1. 3. 1. (1. 1111111111111111111111111111
. 1). 1111111111 111111.
Ξ). 11111111111111111.

11. 11111111.

, 111. cml.
,111111 1111111111 1111111111. , ,

1111111111111111 1111111 1111 1111111111 11111111 6111111111 11 1111
1111111111. “ ’ ”

—-

*111111111111.1.111.1111111111.111611111111111111111.

111111 111. ¹552. 1111 11111111 1111111111 11 cod. 11111. 11111111. 11111.
1111111111. ·

111. 1. ’ ,11

 

