11 111 1111111 1111 11 11111. 1111 11111111111111111 111111
111111 11111 111111111111 1111111111 11111 ; 1111 1111111 1111111 ’
111 111111 111111 111 111111 1111111111] 1111 1111111111111111
111 11111 111111111111111 1111 (11111111 11111. 11111 11 11111111 “
1111 111 11111111 6111111 111111 11111 111111 1111 11111111
11111 1111111 11 1111111 111111 1111 (111. 6 s 11. 11.) s 111
11111111 11111111 11111111) 111 1111111161111 111 1111111
11111111 11111 (1111. ss». 1.). .

1111111 111111111111111111 1111Ι 11 111 (1111111 1111 111111
1111111111111111] 111111 11111 111111111111111111 1111111,
111 1111 1111111111 11111111111111 1111 11111 1111111111
11111 111 61111111 1111111. 1111111111111111111111 1111111] 111 “

’111 1111 111111 6111111111 11111111111111111111111 Α

6111111 111 111111111111111111111111 1111 111111111111 111111·
1111 1111 111 (1111111111111111111 111 1111 111111111111
111111 111 11111111 11111111 11111111 61111111111111
(111111123131111111111111.11.1111.)111111111(1.11.’·
· 11. 11111111111111111111 (111. 11111 111 1111111111·
111 111 1111111 111111 11111111 111 1111111111 111111
1111 1111111 111 111111111111 (1111131111 111
111111 1111111 1111111 11111111 11111 (1111. 11)] 11111111·
111 (111. 1110.) 11111111111111111111111(1111.1,
7.) 111111 1111111111111111 91111 111111 1111111 111111111111
1111111111111 111111 11 11111 1111111 11 111111 111 11111111
111111 6111111111. 1111111111 11111111 1111 111 1111111·
ten? 1111111 111111 1111111 1111 1111101111111111111 111 “
11111 Ι1111111 11111111 11111111 1111111111116111111111]
1111111111 1111 111 11 1111 111111111111111111111 11111111
1111, 111 111 1111111 111 11111111 1111 11111111 111111111111
111 11111111 1111111 1111111111 111111111111111111111111
11111111 1111111111 1111111111] 111 11111111111111 1111 111111· ’
1111111111111. 1111 1111111111 &alas 11111 11 111 111111 1111111
1111 111 111 61111111 111 6111111111 11111 11 11111 111111 11 111
1111111111 6111111111111111111 1111111111 111 1111111·
111111111111111111111111111111111111111111111
1111111 (111. 11111). =

*m

11 11111111 1111 1111111111 1111111111 11111111 11111 1111111.

 

