1⁵18. mu·

1111111 11111111 1111 1111111 11111 111111111111111111111
’;·,111ι 1111111111· ι -
17 611111111111111111111 111 11111111.
11111111111111 1111111 111 1111111111111.
. ,11.111111111111111111111111111111·
11 111 11111111 1111111 11 111 1111111111 111 11111111
11111111. ·
31111111111111111111111111.
1111111111 « -’

19.111111111111111111111111111111111111111111111 '

11111111 11111111. ” ,
11. 111111111111111 11 1111111111111 1111111111..

mmm
1. 1. 1111 111 111111 1111111111 1111111111.

1 . · 1. 111 11111111 1111111111 1111 11111111 1111111.

9.111111111Α111.1111 emt.
1519·

111111. 1111111 111 11111111111111 1111. 1111111111.

’ 1. 111 11 1111111111 11111111111111 1111111111
, 111111 1111111111 1111111. ,, ,
11. 1 111111 111111 11 1111111111 11.

&5⁹⁰⁸ 1. 111 1111 1111111111 111 1111111111 1111111

1111111111 1111111111 ,
1111611111111111111111111 11111111111111111111111
111111 1111111111 1111111111 111 1111111111 1111111.

mam 1111111111 W·

27. 1111111111 111 operationes 111 Palam
11. 11111 11 11111111.
- 111111 11111111 11111111 1111111 11111 1111111111
11 11111111111111111111111 1111111.
1111111111131111111111111 1111 111111 11 1111111 111
111111 1111111 111.
· ·· 1111111111 11111111111111 1111111111 men e..
- 1. 111111111111111111 111.α11111111111111Ε1111
· 111111.

lma. 1111111 111111 1111 1111111111.

15 1 11111111 11 1111111111111111111111111·

 

