’999 ¹ ’9999 ' .

9999 99999 999999 9999 9999 999999 999 99999 99999 999 9999 999999·
9999999999 9999 9999 99999 99999. ’

Db 99 9999 999 9999999999 99999 999999 99999 999 9999 99 99999
9999 9999 99 99 999999 99999 9999 999 99999 999999 999 999 999
9999999999 99999 999999 9999999 [999999 9999 99999999 99999999 9999
999999 99 9999 9999999999 9999999 99999 99999 999 999999 999999
9999999999 999 9999999999 99999. 99999 9999999 999 9999191999
99999 9. 99. 9. (9. 9999999999 99999 9999999999 9999 9999999999.
999999999 999999 99999 9999999999 9999999999 999 9999999999 999
999999 9999 9999999999999 999999 9999999999 9999999999 999 999· 999·
99999 999999 999999 99999999 9999999 99999 99999 999 9999999- 999999
9999999999 999 99999999 999999 99999999 999 99999999. ‹
< 999 99 99999 99999 9999 99999999 99999999999999 999 99999999
9999999999 999 9999999999. 99999 99 999 99999 99999 999999 999

- 9999999999 9999999999 9999999 999 99 9999 999 9999999999 99999

9999 999 999999999999 Ι(999 99 9999999 999 99999 99999999 999-
9. 9. {5- (999. 9999999999 99999999 99999999 99999 9999999999999) 99999.

- 9999999999999 99999 9999 999 999 9999999999 9999999 D. 99 99999999

999 99 999999 99999 999999 99 9999999999. 99999 99999 9999 999
9999999999 9999999 999 99999 999999 999 9999 9999999. 99999 99999
9999 99999 99999999 9999999999 999999999 999999 999 999999 9999999
99999999 99999 999 9999999 999 99999999999999 9999999 99999999 999
999 99999999 9999999999 9999999999 999999 999 99 9999 99999
9999999999 999 999 999999 99999 999999 99999 9 99999 9999 99999 nu
99999999 99999 999 99999999 99999 ;’ 9999 9999 999999 999 9999 9999
999999999ῐὶ99 999 99999999 9999 9999999 9999999 999 99999999 99999
999999 9999 99 999999.

,99999999 9999 9999 99999 99999999 999 99. 999 999 9999999999
99999999 9999 9. 99. 99. 9. 999999 9999999. 9999 9999 99 9999999 999
9999999999 9. 99. 9. 99999999 999999 999999 99999999 9999 9999999.

999 9999 9999999999 9999 9. 999 9999999999 999 999999999
999 99999 9999 999 9999999999 99999 99. 99 9999999999 999 9999
9999 999 999 8999 9999 99999999 9999999 99 9999999999 9999999
999 99999999 999999999 999 999 99999999 99 99999. 99999 99999
9999 999 9. 999 9999999 9999999999 99999 99999 9999999999
999999 999 999999 999) 99999 999999 99999. 99999 99999 99999 99999
999 99999999 9. 9. ff. 9. 9999999999 9999999999 999999 9999999999
99 99999 9999 9999 9999999999 9999999999 9999 9999999 9. 9. 99. 99.
99999 9999 9999999999. .

 

