5511155 515 515115 51115115 5

*⁸*-

51511315111111 ’
1115115 51515511 511 651111111 511 555515.

m

1507. ’

Ψ 511511115151111 55151511 11111551.

1511. - j
mffim 5. 11515 155, 51151511 511 55155555 515 5555 515551·

’ 5115111 11115155..
1519. ·
ab& 5. 551531111111111111 1155551151, 555 5555 thamim}
5151511111.
1511. (11115 515111 5115. 1511151111.) 535 551551 115

55111.

1511.
οἶιῖψ ν5. 11515 11111 5511511 511 55115115 1111111515.

Ι ἐξὲξ. 5511551 155ὃ115111511511515ὅ5111155511 venem·

' 55111515 515 5111155111 5515115. ’

31115111
5. 5. 511115111111111 1115515155.ἱ

offa 5. 55111 111115515151151511111 5511 5111 551515 111

551 5515151111.
1511.

august 5. 551155δ511155511551511 5511555151

 

