· 1119. 209
' 111111 11111111(1111111111111111.)

ΝΟ. clx.
111 111 1111111111111111111.

1131 1111111 1111111, 11111 1111111 11111111 11 1111 11111111 1111111111111111

31111113. 1111111111 15. 11111111. 219. 11111. 11111211.
811111111113. 111111 1111111

· 11111111111111,11111111111111111
(1111111111 1111.

311 1111 1. 1. 1. 11. 111111111111111111) 11111 s 111 11111 ·

61111 11111111111111 1111111111 111111111111111111 1111111111
1111111111 1111 11111 11111111. .

8111111111 111 1111111111 1111111111 111111 11111111 111
1111111111 11111111 11111 111111 1111111111111 111 111 11111·
1111 11 11111111] 11111111 1111 11111111.

sum 1111111 1111 &r 11111 111 11111111 water 1311111111· -

1111 11111111111161111111 11111111111111 1111111111] 111 x
11111111 1111111 111111111111111111111111111111111111 1111 111111
1111111111 1111111111 111 6111111111111, 1111 11111111 11111111,
1111111 11111 111111111111111111111111111111. 11111 11111111
11 1111 1111 1111111111 11111111111111 1111 11111 1111 111 111111 111·
· 1111111 1111111111, 1111 111 11111111 1111111111 11111111 1111111
111 1111111 11111 11111111.

W

11.. 111111. ⁴⁴)

111011.
111 61111111.

1111 111111111111111 11111111111111 11111111 6111111111, 111111
111 1111111 111111 11111111111111 61111111 11 1111111111 1111111111, 111111

”) 11111 1111111 111. 1111111111111111 1. 1111111111 1111111111
11111111. 11111 111. 111. [1111111. 11111 11111. 11. 3111111111,

111. Ι. · 14

 

